14 11 -25 -54
58 14 -37 28
4 96 -76 48
27 96 30 88
37 41 -63 -26
65 86 58 1
79 18 42 -51
33 41 -3 -94
56 63 72 11
67 74 -51 93
54 59 -43 -59
53 21 38 95
5 38 -3 19
12 20 -67 5
97 44 73 -66
54 55 -32 50
53 18 -85 86
5 80 -83 69
93 48 -17 -3
69 53 28 10
21 36 -2 -25
44 50 16 20
50 22 -92 64
52 66 15 81
22 86 38 -65
88 2 -81 4
8 25 -61 75
94 40 12 53
14 15 47 51
5 36 55 -96
39 19 42 61
97 36 84 76
5 35 -10 99
8 11 -76 62
89 24 -32 -72
30 52 -70 -3
75 52 70 -59
35 39 -85 -94
16 27 -3 -29
31 66 60 -80
42 48 52 -71
9 78 -39 60
81 47 85 77
64 81 8 -67
60 99 35 61
76 32 49 -27
52 91 80 36
94 61 78 10
3 55 -25 -72
42 11 -28 -41
48 16 88 -18
33 57 -27 33
82 47 -38 -25
80 70 20 45
78 12 27 72
77 98 -95 2
99 25 82 -2
35 0 67 35
20 95 -12 94
12 12 -28 -75
34 21 -19 -15
28 16 60 -18
69 62 50 11
7 36 -55 -60
36 56 16 -48
17 100 75 38
14 0 -95 26
14 97 54 84
39 23 -14 39
57 69 1 -59
26 42 70 -34
4 9 66 -27
0 59 -25 -36
41 38 -13 32
100 85 -9 -8
84 31 34 30
44 3 44 -54
57 41 -8 -70
32 11 -64 98
18 14 -26 -7
80 75 -22 -9
7 56 46 11
60 35 66 -61
65 83 43 -44
50 30 -28 42
29 30 -41 98
66 92 49 27
92 32 -17 -16
71 51 -50 -89
47 29 36 -52
11 57 -4 33
80 101 49 59
83 98 -88 -32
52 67 -14 69
58 66 -6 7
97 85 -46 2
29 37 -40 -74
62 37 99 86
23 19 53 17
72 7 -16 75
80 57 48 79
52 47 51 -14
76 76 -23 14
73 100 57 3
54 50 8 -37
73 98 -37 4
72 17 29 13
89 8 -2 -86
0 54 -17 -82
0 25 91 -85
90 41 41 43
91 27 -60 17
71 55 -28 -91
22 74 -5 -34
82 38 -51 -3
70 89 -87 3
42 83 -93 47
84 13 -43 46
100 34 -39 -39
49 19 40 -79
15 52 32 -94
26 55 -55 -71
94 24 78 97
73 32 45 42
52 68 5 74
69 64 43 -56
9 82 40 -45
48 51 8 -36
67 6 86 85
48 14 -44 -86
54 6 72 -76
84 29 -10 31
42 42 -36 89
59 16 49 -73
52 80 -14 -79
92 93 -64 -93
32 15 -56 17
46 48 80 40
30 89 38 36
23 0 32 -77
40 5 52 -30
60 95 36 -73
41 68 -12 -47
71 96 -30 47
96 58 48 32
87 35 -81 -84
7 38 -42 76
70 63 92 68
70 74 14 71
74 36 -66 21
93 0 -97 -25
97 69 4 -44
99 96 -60 -41
8 90 47 95
20 35 -99 16
58 23 -50 18
41 50 64 -50
29 7 81 84
13 16 -37 46
34 8 -34 4
16 80 -61 42
48 34 66 63
76 83 52 -52
71 71 64 69
68 58 -95 -3
10 71 -83 46
58 41 58 -3
37 43 66 -61
32 95 -33 -42
40 75 -42 70
29 10 85 -4
61 53 72 55
21 68 23 -42
4 88 -35 -6
16 22 -5 -95
64 11 50 28
14 35 -33 19
14 34 87 37
17 72 -2 13
62 10 29 39
15 72 10 10
85 96 26 -31
95 83 -3 -46
32 42 -41 66
38 1 82 87
68 16 57 28
92 8 -33 31
17 57 -47 -26
75 102 6 26
59 24 -22 29
50 20 32 -5
12 17 54 75
96 53 -10 -70
21 1 74 25
38 101 -2 30
13 57 -3 63
57 91 -36 72
54 98 -36 -68
51 56 -50 68
100 59 12 -36
38 49 9 -85
78 93 -95 28
2 48 -25 21
71 78 -4 -71
91 10 -76 -37
74 84 -23 -56
31 73 80 -2
65 15 13 -29
49 74 22 -11
69 35 72 -78
90 66 -53 -81
84 95 78 25
80 93 77 -73
48 85 66 15
76 63 2 11
64 52 28 66
59 53 87 -82
30 0 -19 -54
50 101 -74 -1
29 53 -99 44
63 24 -42 -82
70 94 86 2
19 88 49 67
60 78 -53 79
1 35 48 -39
54 3 51 -20
14 4 82 72
77 34 -95 20
3 97 55 -55
32 30 -82 64
64 60 8 -34
3 97 26 -55
90 21 -81 -30
26 64 17 -80
69 68 40 35
89 72 -67 1
42 99 85 39
96 29 15 -32
26 27 -12 6
20 77 10 -10
57 102 92 37
93 78 70 82
47 61 -29 67
99 50 62 21
39 66 95 56
30 96 31 -66
34 42 -62 -71
91 20 70 63
27 73 -55 -46
45 79 14 51
34 99 8 -43
84 9 -83 80
30 29 33 51
56 75 36 -39
97 48 12 -2
69 25 -75 92
63 57 29 -1
38 14 -50 15
7 51 9 20
8 6 -19 95
82 65 -51 -34
80 2 -12 -38
2 54 -92 26
33 79 17 -34
21 71 32 90
96 34 -16 -40
22 6 -79 79
54 74 -72 80
45 76 95 35
48 84 -93 -44
59 29 8 -76
67 12 50 51
81 61 34 -53
97 71 -86 -87
45 84 -20 95
28 30 11 87
66 72 80 -70
1 45 62 -81
65 85 16 1
2 51 25 42
62 9 -22 17
83 28 -49 -97
92 15 76 28
72 94 -30 -89
9 79 -11 35
83 62 -15 -93
18 60 82 -70
29 41 -71 30
67 34 -3 -7
12 24 -47 -17
84 91 -84 54
1 23 40 6
74 17 42 -75
21 9 75 -86
47 63 -28 90
51 19 -4 1
27 45 24 7
79 9 -48 39
20 15 75 5
100 30 -10 74
71 61 31 -30
48 73 22 -55
81 6 -23 52
56 74 24 32
55 34 -86 -4
78 86 -95 48
93 27 11 -4
57 53 -7 56
42 16 -85 -52
6 14 53 98
26 2 10 -65
37 13 -41 56
63 6 7 15
49 99 -60 75
21 11 -47 -39
30 63 -84 -58
14 29 -76 -74
10 101 -48 94
92 3 -32 86
55 90 88 58
50 76 -71 14
54 17 58 -23
81 72 -52 58
69 41 50 55
14 85 32 -44
86 29 -74 53
66 65 -37 56
75 11 63 -54
61 74 14 80
84 59 -59 84
22 34 -92 96
95 33 55 30
55 102 68 -45
47 5 59 -8
70 43 86 9
93 42 34 -83
5 17 -93 -79
11 81 -47 36
93 41 -31 89
25 10 88 -88
72 60 -98 4
25 2 -62 -65
65 101 80 40
67 51 -65 9
94 19 60 -22
9 37 -32 53
68 100 33 87
95 8 41 -41
94 54 -88 -80
6 50 -60 89
77 71 -52 -80
87 63 28 -22
98 96 55 -9
79 6 -58 50
69 74 58 -32
54 10 -35 26
8 67 56 -54
94 39 -23 53
21 65 -98 -1
89 62 -9 -14
16 42 65 67
55 42 31 -46
36 42 45 56
15 67 -26 13
79 36 85 77
8 96 47 -43
35 70 74 -8
58 38 -91 -44
17 98 2 -43
93 15 -68 38
9 90 19 -91
18 47 -25 53
41 98 66 -8
43 85 -34 -88
13 16 68 61
9 63 17 -48
1 59 12 -2
61 15 -36 -98
21 63 -84 -93
70 35 -9 64
67 33 -16 54
94 58 -53 -48
52 28 -51 -51
63 9 86 4
47 41 -7 -4
24 10 -28 -20
95 71 19 -68
16 50 -19 -60
34 86 53 -17
32 24 74 52
27 65 60 45
63 102 7 -88
20 66 -96 71
78 42 73 -32
75 68 64 -69
85 25 26 -75
65 98 56 -56
96 83 -24 -60
71 12 -70 -51
25 30 -4 52
38 21 82 62
0 34 -73 -33
77 23 35 -76
68 33 51 41
83 91 6 -66
63 84 68 23
98 5 -75 -74
35 23 44 87
92 25 -8 -34
39 95 -27 94
1 102 11 3
22 79 -55 -72
80 28 -94 21
57 70 22 45
2 56 -64 -2
96 24 50 -45
93 74 -81 56
68 25 -22 -39
61 46 50 -58
1 101 -77 85
44 58 -30 -70
50 101 41 -17
90 40 35 -48
36 68 40 57
96 86 18 38
64 38 -87 9
71 21 -43 45
46 97 -6 60
10 102 -94 -57
51 81 56 26
36 18 -41 -6
78 0 -91 1
92 93 96 42
83 31 83 29
61 25 43 75
61 94 76 81
41 99 87 -68
94 16 -83 -43
56 51 -86 90
84 15 20 -5
15 97 -39 60
66 27 43 -74
60 95 28 85
61 41 -29 -71
23 9 -43 -81
9 72 47 -57
54 50 -16 -83
61 35 -6 -80
17 37 -83 19
12 68 -5 31
85 100 -16 -66
37 1 -85 16
18 66 -63 1
20 35 -91 -37
54 56 65 56
96 16 33 5
94 8 95 62
98 59 84 10
16 80 -3 -32
79 95 -58 27
64 24 -70 -70
53 1 80 -31
23 88 -55 -55
75 95 56 39
6 39 20 -92
36 23 95 -6
30 100 96 26
8 10 -18 -40
69 7 -14 96
37 24 16 -29
63 12 -58 -74
39 88 28 16
33 56 67 11
68 30 28 88
82 40 -52 66
4 87 62 -55
75 9 -37 17
54 77 -74 -4
87 63 -9 -92
56 96 -18 70
49 9 37 3
13 42 91 43
20 48 89 -26
12 51 -46 -12
44 68 -28 46
24 20 25 67
31 91 -9 -22
35 11 -55 65
57 5 -57 15
28 31 2 -5
82 6 -82 -63
53 7 -93 4
69 102 64 -6
16 4 97 49
86 36 96 -80
28 4 -5 4
45 101 -64 -44
98 21 -13 30
25 35 18 -5
13 0 -60 -27
